0	247	680	297	340	0	0	0	0	0
247	0	433	449	532	0	0	0	0	0
680	433	0	837	970	1208	1043	0	0	0
297	449	837	0	450	690	529	0	0	0
0	532	970	450	0	239	261	553	308	687
0	0	1208	690	239	0	640	335	239	618
0	0	1043	529	261	640	0	730	538	916
0	0	0	0	553	335	730	0	572	951
0	0	0	0	308	239	538	572	0	396
0	0	0	0	687	618	916	951	396	0
