0	247	680	340	902	0	0	0
247	0	433	532	1091	0	0	0
680	433	0	970	1524	2392	2333	3142
340	532	970	0	553	1467	1434	2174
902	1091	1524	553	0	1403	1375	1929
0	0	2392	1467	1403	0	150	841
0	0	2333	1434	1375	150	0	984
0	0	3142	2174	1929	841	984	0